0
2
12
10
4
1
16
16
5
2
17
16
6
4
16
6
6
8
1
10
16
15
0
5
7
5
16
5
16
3
2
15
6
0
8
17
7
0
6
17
0
8
11
16
3
4
5
4
1
5
4
2
17
1
5
3
8
13
2
7
16
3
12
17
3
3
10
8
7
2
4
17
1
1
8
0
15
3
11
6
0
3
2
17
1
4
16
0
4
3
2
5
7
4
16
0
11
2
0
4
5
1
6
1
8
7
8
5
8
11
8
8
2
3
1
0
0
17
7
15
17
7
1
11
2
8
17
6
3
1
15
5
5
6
9
15
5
17
7
6
3
3
7
8
2
4
0
5
7
8
9
2
16
13
4
6
13
10
4
1
7
17
15
11
16
12
15
10
3
17
4
13
10
17
12
10
13
9
11
13
14
7
10
15
9
9
1
15
12
15
15
9
10
12
15
13
9
15
0
13
10
12
11
11
16
10
11
13
6
14
14
7
12
9
11
14
13
14
12
12
9
9
12
10
12
12
13
9
10
14
2
14
14
14
14
11
13
14
14
12
14
6
11
10
11
13
9
6
