16
10
5
7
12
8
10
9
9
1
7
4
14
13
16
12
14
8
16
15
16
14
8
0
8
2
8
7
8
12
12
15
16
16
11
9
15
15
6
14
16
10
9
10
0
5
13
13
1
11
8
8
14
15
4
15
11
12
12
10
9
2
7
16
8
11
13
13
12
14
15
12
7
11
14
1
8
12
16
8
16
13
6
7
13
7
5
15
10
1
5
10
4
6
13
10
4
4
15
4
10
4
0
7
9
14
7
14
12
12
9
13
9
14
6
11
16
8
11
11
14
9
15
7
12
13
3
4
10
13
12
7
1
7
9
7
2
11
10
10
10
11
11
14
3
5
15
7
11
6
3
8
14
8
10
12
15
16
8
12
2
9
5
16
4
11
14
5
4
2
10
4
15
6
6
2
1
9
16
14
0
3
3
4
0
2
2
1
13
5
2
3
6
4
5
6
5
3
0
11
3
2
16
0
3
1
1
2
9
3
5
5
0
1
9
6
13
7
2
5
2
1
9
3
3
0
0
6
6
2
6
1
0
0
4
6
4
3
1
15
13
15
0
11
13
1
3
0
