15
33
34
26
27
7
25
10
24
5
8
17
9
28
33
4
14
22
33
25
14
33
19
21
27
0
30
0
19
28
3
13
27
6
23
17
17
15
10
12
28
32
24
19
17
24
20
29
17
0
6
1
3
34
26
31
23
0
20
10
0
30
19
18
26
31
10
15
16
34
10
16
4
30
6
22
21
33
27
16
25
18
18
11
30
17
12
21
22
25
22
2
34
4
26
26
10
16
29
5
13
27
3
22
3
32
2
3
29
14
25
1
11
23
7
32
3
25
21
20
8
25
14
27
17
30
29
10
23
12
13
7
29
21
6
16
32
4
29
14
15
30
18
9
19
2
34
7
9
28
13
20
21
13
27
11
32
33
15
15
30
22
9
0
18
21
20
8
11
20
9
23
12
12
34
8
9
16
4
24
24
24
6
11
1
5
31
33
6
28
14
32
28
8
3
0
8
23
18
18
16
31
2
22
31
1
24
31
2
34
22
7
6
5
26
32
13
2
29
23
2
11
12
1
13
5
19
28
4
19
26
1
14
23
12
4
8
31
9
1
7
15
20
11
5
7
5
