9
21
13
17
13
1
23
15
6
16
16
22
24
27
32
9
0
17
23
20
25
6
2
31
15
27
9
17
10
19
2
28
28
16
7
18
15
31
13
27
25
13
32
17
28
30
1
12
16
30
29
16
28
3
22
28
27
13
1
17
11
23
12
27
12
8
28
32
14
5
22
21
4
22
12
1
2
8
0
12
11
10
9
32
23
29
32
6
13
7
11
26
31
31
4
22
0
4
3
7
22
18
19
21
9
2
18
3
19
21
5
25
31
19
31
18
28
12
23
8
29
29
10
10
4
26
23
6
18
26
31
16
3
27
24
14
28
2
13
7
8
26
17
0
1
31
3
1
14
21
28
20
24
20
15
18
20
26
20
22
15
26
24
6
29
6
14
18
5
8
24
7
32
2
17
10
0
9
11
15
17
14
1
5
22
24
1
15
6
3
4
20
3
27
11
29
2
31
25
19
24
24
25
30
7
32
9
19
16
10
5
29
25
7
12
4
11
0
3
7
25
30
4
11
26
14
32
10
12
15
0
25
14
10
21
14
2
11
29
4
20
5
28
26
13
8
6
19
23
32
11
5
24
21
16
6
6
30
22
29
19
9
30
8
26
32
14
0
2
14
17
20
18
16
15
23
24
4
3
17
18
29
7
23
18
13
8
10
5
30
5
7
27
11
25
3
25
22
12
1
20
12
8
2
13
21
19
9
0
21
21
15
20
30
0
16
4
31
30
5
30
