12
1
6
2
0
4
0
1
13
6
7
2
15
1
8
6
0
13
5
3
13
12
14
5
3
2
13
1
4
15
2
7
4
14
15
12
4
7
6
3
4
7
13
12
4
5
2
6
3
12
12
4
0
8
2
3
6
9
3
4
13
6
7
8
0
15
7
4
13
13
0
3
7
13
0
14
5
11
4
0
5
1
14
7
11
4
7
2
2
5
5
10
12
15
3
1
3
5
7
1
5
5
8
3
0
14
6
13
5
1
13
0
7
12
6
1
3
1
1
6
2
2
5
10
12
2
4
15
3
1
6
0
3
3
15
11
8
0
9
2
2
6
7
0
14
4
7
5
10
0
13
6
15
6
9
7
4
2
8
6
5
1
9
4
11
15
12
13
9
12
2
12
5
13
3
8
1
15
10
1
11
9
2
11
13
12
6
5
9
10
11
11
3
10
15
8
8
9
8
13
1
10
15
11
8
14
9
14
12
11
9
10
12
14
15
10
9
11
9
14
14
12
10
8
10
0
11
10
15
9
14
14
11
7
10
9
11
15
4
11
7
14
10
9
8
8
14
8
0
