4
8
26
12
15
26
11
6
1
1
11
15
30
23
3
23
9
10
25
20
27
19
24
26
24
10
7
28
5
14
21
17
1
18
17
0
21
33
32
8
23
12
24
29
0
6
31
2
25
30
20
2
3
20
16
28
24
10
16
6
31
21
27
4
33
17
32
23
2
32
1
32
0
1
13
26
32
30
6
15
10
25
8
13
2
10
24
7
5
26
25
7
28
29
5
10
17
33
11
18
5
11
26
20
12
31
7
26
14
2
23
22
24
21
16
6
3
28
3
10
4
20
20
18
4
33
21
19
32
25
22
6
19
29
21
30
25
23
15
26
20
7
22
13
32
26
17
4
9
9
10
14
13
15
3
23
28
20
28
28
0
8
3
26
29
3
30
27
22
22
27
17
9
21
31
4
5
11
12
31
15
7
12
19
19
29
14
18
0
7
13
23
20
29
21
24
4
20
7
0
24
8
11
31
23
2
27
0
1
22
28
33
12
8
33
30
2
21
14
18
16
13
5
15
18
25
16
9
16
12
1
33
18
33
8
11
3
30
6
0
6
15
14
21
14
2
33
13
4
16
27
17
22
13
22
5
9
31
13
18
22
27
8
30
32
9
14
17
1
19
11
10
32
4
15
29
25
32
2
19
3
29
18
5
8
17
31
9
19
16
24
12
22
4
5
6
33
1
30
19
25
31
15
28
9
14
5
7
0
12
3
16
14
28
27
25
29
11
10
0
27
13
