9
8
8
6
9
6
5
10
12
12
13
10
10
0
7
3
9
12
10
3
8
7
14
14
11
12
7
3
7
7
10
7
4
5
11
0
7
10
6
11
2
8
3
5
4
11
12
5
14
11
9
13
12
13
9
3
10
12
13
6
11
8
10
11
13
3
10
5
14
11
5
14
8
13
3
8
11
10
12
9
7
12
5
7
8
8
14
13
14
4
3
6
10
12
3
12
10
9
7
14
9
13
13
14
13
0
4
4
10
3
8
12
7
4
13
12
6
8
6
14
10
8
9
0
13
11
3
10
3
14
11
9
13
2
0
3
14
7
12
11
14
1
7
9
14
10
13
8
3
11
10
11
1
2
2
5
13
9
4
12
3
13
11
9
5
0
7
7
8
4
14
11
4
8
12
5
4
2
9
0
13
5
14
11
4
7
0
2
1
1
5
6
1
6
1
7
6
3
2
12
2
0
1
1
4
1
1
9
9
6
8
1
4
1
1
6
14
2
2
1
5
0
2
0
2
2
4
6
0
3
2
0
0
5
2
0
4
5
2
9
6
0
8
6
5
4
1
1
6
