17
2
10
5
17
6
2
3
15
1
6
2
5
6
10
5
0
15
8
1
16
10
16
16
1
6
1
4
4
9
9
3
14
9
8
13
12
17
5
11
9
9
8
9
14
14
15
14
13
15
10
9
12
15
14
14
15
8
7
15
11
13
1
9
4
3
7
14
2
13
15
16
13
8
15
11
10
17
9
14
8
5
14
9
13
10
10
13
13
11
12
10
11
15
10
11
11
11
11
17
15
11
14
11
10
9
16
5
1
3
3
15
15
3
12
16
0
8
7
3
6
2
6
17
7
17
0
4
16
6
10
7
1
1
13
14
5
13
14
9
11
11
3
0
3
2
3
1
6
6
16
2
4
0
0
12
7
17
8
0
4
7
7
7
0
7
0
2
12
1
8
10
13
0
9
6
5
16
0
16
6
0
7
16
10
14
4
1
4
2
5
4
8
16
17
2
12
6
10
8
1
4
5
17
6
0
7
2
0
3
17
15
5
3
12
1
2
4
12
3
5
8
6
8
16
2
5
8
4
2
16
12
9
11
7
3
5
12
17
1
7
4
12
12
17
12
17
4
