10
7
9
2
9
12
12
9
12
7
8
1
7
12
2
3
3
3
9
11
2
9
9
9
9
2
7
2
3
3
3
3
8
8
8
8
8
0
0
0
8
8
9
5
5
5
5
5
5
5
8
8
0
0
0
0
1
1
0
0
0
0
0
1
1
1
1
1
1
1
0
0
0
1
1
0
3
3
3
3
11
0
3
3
3
4
4
4
4
4
4
4
4
4
2
4
4
4
4
12
5
5
5
5
5
5
6
9
2
12
10
8
8
8
9
11
1
7
11
12
7
9
2
10
6
6
10
9
11
2
8
1
7
11
5
4
5
5
5
5
5
2
7
11
7
7
11
2
4
2
11
10
10
8
9
2
12
12
6
2
7
7
6
12
10
7
7
2
6
10
11
3
3
3
3
9
7
0
11
11
10
6
11
7
11
2
11
4
7
1
1
12
11
10
12
0
10
11
10
6
6
10
8
7
2
10
10
12
9
10
6
2
11
8
1
9
12
6
1
10
6
6
6
9
2
6
6
6
12
12
7
1
8
8
8
10
10
6
12
12
9
11
6
3
4
4
4
12
6
