8
6
3
7
7
12
3
13
9
9
14
10
7
13
14
1
1
1
7
9
7
14
6
13
3
14
12
8
1
1
1
1
6
6
6
6
6
4
6
6
6
6
8
1
2
2
2
2
2
2
2
2
4
4
6
4
3
4
3
4
4
4
4
3
3
4
3
11
4
4
4
4
4
3
4
4
1
1
1
1
5
8
2
2
2
5
5
5
5
5
5
5
5
5
5
0
5
5
5
12
0
0
0
0
0
0
13
7
9
13
14
6
6
6
9
11
11
12
3
11
13
3
13
8
13
14
14
11
14
3
7
13
11
8
0
0
0
0
0
0
0
0
7
10
10
11
6
9
7
12
3
12
10
7
14
9
9
11
13
7
9
14
8
10
3
8
5
7
11
11
7
1
1
1
1
12
9
10
14
14
10
12
8
8
9
0
13
10
12
12
12
11
14
13
8
10
8
10
10
11
7
11
14
12
10
3
12
9
7
10
13
10
9
13
12
13
11
9
12
9
8
10
13
11
8
12
10
3
9
9
8
2
2
2
10
14
13
8
11
14
12
7
5
2
2
2
14
8
