8
10
8
9
12
9
9
9
8
7
6
2
2
3
9
4
5
4
9
7
9
7
9
11
0
6
9
11
4
4
4
4
4
4
4
4
4
3
1
1
5
5
11
4
5
5
5
5
5
5
5
5
1
1
2
1
3
1
1
1
1
1
1
2
3
3
2
1
1
1
2
2
1
1
1
1
4
4
4
4
9
2
4
4
0
0
0
6
12
12
0
0
0
6
12
0
0
0
0
11
3
3
3
6
6
3
7
10
7
6
11
5
4
4
6
11
6
8
11
2
8
10
9
0
8
10
11
12
6
7
7
3
6
8
3
3
3
3
3
3
3
12
11
2
11
10
11
8
7
10
2
0
7
12
9
8
12
10
9
12
7
7
12
8
11
10
7
7
2
2
10
5
0
5
5
7
11
6
7
11
2
11
12
8
10
3
11
10
6
9
6
10
3
12
12
10
11
10
0
6
12
6
7
8
2
7
8
9
2
8
7
10
12
5
2
12
8
8
9
9
6
2
9
11
12
0
8
1
6
10
10
8
5
5
5
7
11
9
10
0
10
2
0
12
12
6
6
0
8
