14
13
10
9
5
3
5
5
9
7
7
14
8
5
11
11
7
8
10
7
13
7
12
13
11
13
11
9
8
7
11
1
13
14
13
7
13
13
10
8
14
9
11
1
10
12
12
12
7
12
3
12
11
8
12
14
8
14
7
7
10
11
14
14
5
4
5
11
8
12
9
9
3
9
12
3
5
7
7
14
12
10
9
9
6
10
5
13
13
12
9
10
10
12
6
10
13
10
3
5
8
7
9
11
14
1
11
8
9
8
13
9
13
7
12
13
9
11
6
11
11
8
14
14
14
9
5
1
3
5
14
5
12
8
6
5
13
7
14
12
13
10
1
7
5
7
10
10
2
9
10
12
9
10
13
8
1
8
10
8
1
6
6
5
1
11
11
11
14
8
1
14
8
1
3
6
1
3
1
6
6
6
6
3
0
0
1
6
2
6
0
6
0
1
0
6
5
4
0
6
3
4
4
1
4
3
0
0
1
1
0
4
2
2
2
6
4
0
4
4
2
2
2
4
3
2
2
4
2
0
4
0
0
2
2
3
2
0
4
0
4
3
4
2
0
3
2
3
