9
5
11
9
7
2
11
12
4
7
7
4
4
11
12
3
11
9
1
9
10
9
1
3
5
9
11
9
9
8
9
11
8
8
5
10
4
5
12
1
7
9
5
10
8
9
10
0
4
9
5
10
9
8
11
7
11
7
9
1
8
9
7
10
9
7
11
11
3
7
8
4
7
1
10
9
10
10
11
12
3
5
8
8
5
4
7
7
5
1
5
10
12
7
4
11
10
7
10
11
7
10
7
1
4
11
8
7
5
1
8
8
11
3
11
5
5
3
10
1
10
12
4
1
8
12
2
10
7
5
12
12
1
8
8
4
12
5
5
10
1
1
3
3
9
12
8
3
5
10
4
8
11
6
6
10
12
6
8
12
4
5
3
10
8
4
11
5
1
1
3
2
3
11
4
7
0
3
2
0
9
0
1
2
3
4
0
8
1
6
2
0
3
1
0
12
2
3
3
4
2
3
12
1
0
2
0
6
6
0
6
3
3
2
0
2
6
0
0
2
2
6
2
2
6
0
4
0
0
2
0
12
0
12
12
6
6
2
2
6
12
0
4
2
0
6
12
6
6
