6
3
14
10
7
11
16
15
17
11
7
16
9
17
10
6
16
16
7
8
16
7
8
13
17
6
16
4
14
14
14
12
11
15
15
10
13
4
14
0
6
16
17
8
9
11
17
10
11
10
10
0
15
13
12
0
10
16
17
15
9
8
11
13
12
5
14
9
8
13
13
14
9
11
17
11
11
16
8
13
5
7
14
2
14
12
16
14
7
8
3
7
12
9
13
7
12
14
12
13
11
9
6
14
5
7
7
10
8
3
9
12
13
15
8
9
15
11
3
7
14
13
7
3
6
17
17
10
5
12
12
9
5
16
5
8
15
5
10
6
12
15
15
17
13
17
1
17
0
12
15
6
16
2
15
11
4
9
10
6
13
3
6
7
8
4
0
12
14
8
11
6
4
4
2
1
5
2
9
4
2
15
5
0
1
15
1
1
9
4
11
3
0
10
1
0
0
5
0
4
4
3
1
6
3
8
7
10
1
12
3
17
2
10
5
2
9
8
2
3
1
2
16
16
13
5
3
2
1
0
3
5
3
0
6
2
1
2
4
17
6
4
1
2
1
0
2
0
5
