4
1
4
12
2
4
1
6
3
3
3
3
2
5
7
10
11
11
5
2
2
5
4
13
0
1
6
7
11
11
11
11
9
9
9
9
9
7
9
9
15
14
1
10
10
10
10
12
10
10
10
10
14
15
15
5
6
3
7
14
14
15
14
3
13
1
1
14
14
14
15
0
3
1
15
15
11
11
11
11
14
3
11
11
11
8
8
8
14
8
8
8
8
8
6
8
8
8
8
15
9
14
9
9
9
9
13
4
6
12
13
9
9
9
6
13
1
7
5
12
0
6
12
15
3
14
0
13
0
0
3
2
4
13
12
12
12
12
12
12
12
12
3
14
4
7
6
13
0
7
6
15
6
6
2
0
2
14
2
1
15
12
7
5
1
13
5
0
5
12
6
10
10
11
10
5
0
5
2
5
13
15
13
7
14
2
7
6
15
0
7
4
4
0
7
3
2
0
13
2
5
0
3
5
1
7
3
7
2
13
13
4
15
1
1
5
4
3
5
13
4
1
0
1
1
7
6
15
0
4
4
10
10
10
7
4
6
6
13
3
2
2
8
8
11
8
5
4
