13
33
9
33
29
17
8
11
23
11
32
37
32
32
9
34
25
37
30
4
4
7
6
15
7
4
11
14
16
19
23
22
36
35
12
14
8
12
0
29
10
36
25
21
8
1
22
32
25
12
31
29
4
30
24
27
19
26
35
7
17
8
16
3
8
13
22
35
1
30
31
30
7
11
26
32
15
27
37
9
18
35
19
5
12
33
21
2
2
6
25
13
10
6
15
0
34
0
37
19
27
30
7
15
25
2
16
0
18
24
28
10
36
27
3
9
27
12
8
11
10
0
11
9
7
21
6
34
22
26
24
21
33
29
28
23
27
29
31
26
27
34
36
18
4
9
26
34
20
35
1
37
5
11
3
14
17
20
5
35
16
31
0
14
16
13
23
3
5
18
17
6
25
10
33
19
29
1
1
26
32
17
20
31
8
18
12
36
19
30
15
15
21
20
17
7
6
7
28
14
14
23
30
10
5
10
2
18
17
20
23
22
28
5
32
28
1
26
36
34
27
6
3
7
33
28
24
22
10
13
33
30
37
24
37
16
2
33
4
30
18
20
34
2
24
17
27
14
31
36
29
32
4
13
31
22
4
24
15
16
24
9
21
31
29
1
19
2
11
23
36
35
4
21
19
0
32
34
6
11
8
5
12
3
20
2
23
10
18
36
26
12
28
25
3
15
22
5
37
13
14
9
1
22
28
13
14
18
26
35
21
0
21
25
3
20
6
24
1
0
16
20
