8
7
6
0
6
3
13
12
13
6
5
10
1
9
3
2
4
13
1
12
5
2
9
6
6
12
7
13
2
8
13
9
11
12
0
13
3
2
9
10
7
4
5
0
8
14
0
4
11
4
13
9
12
8
4
3
12
9
6
1
5
3
13
2
11
2
7
5
7
12
4
1
8
1
3
2
2
2
12
0
12
12
7
3
13
7
7
5
6
16
17
11
5
4
13
8
9
0
1
2
12
7
16
5
0
11
3
13
5
1
3
8
1
13
7
7
2
0
3
14
7
8
6
8
10
0
9
8
3
5
9
3
14
5
6
16
4
6
3
6
1
1
0
6
9
4
5
0
7
1
6
2
4
2
9
0
4
10
12
16
10
14
0
13
14
5
12
8
17
11
4
16
18
4
15
10
18
4
10
16
8
9
17
16
14
10
15
14
18
14
18
15
9
14
18
1
15
18
14
8
17
1
10
15
17
14
15
14
18
17
10
16
16
11
10
17
18
17
15
15
16
16
14
10
14
16
17
18
17
18
18
11
17
11
18
17
16
15
11
17
11
10
15
17
18
15
11
11
18
