15
0
1
4
7
15
3
1
16
15
7
6
16
7
1
5
11
8
12
11
13
6
14
1
12
12
6
12
10
11
5
5
4
15
12
17
14
14
8
10
14
3
14
0
13
14
12
8
13
17
16
6
17
17
17
3
5
2
2
10
5
13
4
13
6
3
15
0
2
5
6
1
6
1
3
0
2
9
6
3
5
17
0
13
1
5
8
11
2
17
16
16
2
13
13
9
8
8
16
4
13
15
7
1
15
6
9
10
13
15
5
9
13
9
10
9
13
5
9
10
7
5
7
16
12
14
4
10
15
6
8
2
14
13
0
7
12
4
7
17
9
8
2
11
16
14
14
12
9
1
15
17
12
17
17
6
8
10
5
3
11
3
16
1
14
12
3
1
10
3
7
1
8
16
8
3
17
6
10
11
12
1
3
8
7
7
13
15
3
4
2
16
15
5
13
2
15
7
13
15
12
16
0
0
5
16
11
11
12
6
17
14
4
17
17
2
8
11
2
10
14
4
0
9
0
8
14
14
7
0
4
5
2
11
12
4
6
1
9
14
17
4
10
0
11
16
0
15
16
0
3
3
12
3
15
10
16
7
8
5
0
7
11
6
4
11
16
4
14
9
9
7
3
4
5
12
12
9
0
17
2
17
10
2
11
0
5
1
7
0
13
7
15
2
11
10
4
10
6
11
9
2
10
6
15
4
1
14
1
10
3
16
8
6
9
4
9
8
11
2
1
8
