30
18
11
10
48
13
35
45
14
22
5
31
36
11
32
45
5
1
4
33
41
43
8
31
42
29
48
12
14
36
38
24
16
25
4
14
36
49
5
46
49
28
36
33
25
42
45
18
24
37
13
20
23
47
2
15
46
48
16
26
43
27
13
2
16
21
49
6
18
24
1
8
7
21
13
41
26
21
47
7
17
34
33
9
7
11
26
34
8
41
28
34
33
39
0
43
37
44
31
31
35
16
9
37
24
35
17
29
24
5
3
32
42
23
40
8
6
0
38
1
0
12
7
49
0
30
13
21
19
21
44
36
30
37
43
22
22
17
12
27
9
23
0
48
48
9
23
1
32
27
45
30
2
24
27
12
38
33
17
27
49
44
40
2
4
12
18
4
14
11
45
31
26
17
3
28
8
1
46
8
45
12
10
4
7
2
19
6
3
46
24
15
12
5
6
44
38
19
46
40
25
20
22
27
9
25
40
3
3
17
44
6
38
42
5
31
29
47
2
11
15
32
44
40
33
18
43
34
20
44
31
32
21
39
11
47
29
14
48
42
28
39
0
29
42
19
35
15
10
34
40
10
25
39
8
41
1
39
37
47
43
10
39
16
19
9
19
30
32
22
14
7
35
28
25
23
41
14
15
18
30
49
2
13
49
4
36
15
47
20
42
20
20
11
25
22
6
48
18
26
16
10
3
37
37
0
10
38
23
22
26
6
3
41
46
20
35
7
29
28
34
