34
28
3
3
27
9
4
30
23
31
25
34
24
19
23
27
35
24
14
35
29
20
21
19
39
35
6
10
12
2
24
18
14
22
7
33
0
37
28
39
31
12
31
8
11
34
10
6
11
18
38
8
8
4
6
9
19
30
4
6
32
28
30
26
7
15
4
2
15
29
5
2
7
23
35
29
36
38
33
21
18
13
26
22
13
5
6
34
12
10
36
36
14
37
22
2
15
29
27
4
29
39
28
8
0
35
27
21
10
5
16
23
12
3
21
8
15
0
32
20
26
33
22
2
26
0
10
38
0
3
32
21
31
35
0
33
24
0
24
35
17
8
34
16
23
1
1
37
18
23
28
30
5
9
36
39
16
29
19
13
20
36
25
25
2
1
28
33
11
11
0
13
29
33
14
34
14
22
21
7
24
30
17
15
37
33
8
1
25
26
27
38
5
32
4
25
18
32
27
39
28
32
14
32
25
36
2
17
11
36
20
9
22
3
6
13
20
31
26
23
1
16
5
16
37
12
38
36
21
5
9
6
13
10
3
16
3
18
35
32
22
6
16
24
20
31
25
19
17
26
37
21
15
11
4
33
38
2
17
11
7
7
12
12
7
9
12
17
8
38
15
37
3
5
18
1
9
39
10
4
23
34
14
20
10
9
19
37
31
30
27
1
19
29
18
17
7
15
26
30
39
24
30
17
28
13
20
27
19
1
22
39
34
35
25
22
14
13
11
16
31
38
