35
23
10
19
27
31
37
29
27
24
27
31
0
15
34
0
36
11
25
33
20
24
37
34
38
21
34
1
5
20
19
13
18
20
22
22
16
13
22
10
4
12
33
33
4
11
21
6
8
40
25
16
23
8
12
10
35
35
21
5
9
32
39
19
18
17
12
24
5
3
2
34
18
30
16
20
36
4
23
34
38
39
27
2
40
19
9
10
10
10
30
37
1
20
0
18
33
11
28
16
9
14
21
11
31
7
8
34
35
0
25
25
12
11
9
31
13
12
26
23
24
35
13
15
5
17
6
38
20
32
6
36
20
19
15
17
31
2
28
2
33
16
26
5
11
4
29
7
4
3
9
26
28
40
38
8
7
6
18
0
25
17
30
27
18
40
28
1
16
19
28
10
40
35
12
2
25
26
14
37
15
25
39
17
13
38
30
3
13
7
32
22
15
38
35
8
23
8
17
36
27
21
7
37
38
26
28
33
4
25
14
17
16
39
13
13
3
5
14
4
21
0
9
40
6
31
11
6
12
1
23
7
30
0
19
12
3
10
19
17
18
36
33
6
37
39
5
6
29
29
3
26
29
36
32
15
31
37
4
7
26
29
27
32
30
32
40
38
20
24
5
0
15
26
14
22
23
30
29
22
22
36
22
3
24
36
21
30
34
31
39
34
9
28
33
40
28
32
9
27
8
14
14
14
21
39
7
39
1
37
18
2
15
1
3
24
24
8
23
1
29
32
