25
9
4
26
29
7
28
19
2
9
25
15
26
18
23
11
8
14
30
14
30
2
28
13
20
17
28
27
26
23
1
28
8
6
25
25
33
19
0
0
23
6
26
34
8
10
7
9
34
18
4
6
10
18
7
2
16
12
20
9
15
34
2
11
17
3
33
5
15
32
10
27
3
33
6
20
23
7
11
8
28
20
20
16
5
11
18
14
10
21
27
21
20
20
12
30
15
5
32
30
15
13
31
12
32
6
31
13
19
26
2
3
14
26
32
26
15
14
32
5
30
19
31
23
9
10
21
22
14
26
34
18
15
33
15
0
11
25
1
9
21
0
29
9
19
8
0
1
1
28
13
31
22
27
6
19
1
17
16
33
3
23
34
3
8
13
13
24
20
2
21
11
22
19
0
12
27
23
27
6
4
10
29
28
31
12
33
10
16
14
7
1
25
31
4
4
12
25
27
23
25
5
2
22
10
29
30
7
4
20
16
13
29
17
30
27
22
7
18
2
0
14
9
28
17
31
7
24
20
24
17
9
32
27
21
1
11
29
15
21
4
25
8
34
28
5
21
12
30
26
14
29
12
30
16
3
34
24
33
31
32
19
29
10
16
8
18
7
1
17
29
22
22
18
19
24
5
33
22
13
34
0
24
25
3
32
4
31
28
18
9
3
4
5
12
33
17
23
2
6
1
1
24
22
24
13
32
16
11
3
8
13
17
5
21
6
34
11
0
18
16
24
