12
20
11
2
8
8
15
31
22
28
13
0
15
3
4
17
26
2
11
24
5
5
10
21
24
16
3
15
32
4
32
24
16
6
26
6
5
23
27
9
26
1
27
14
21
13
3
7
0
22
24
15
30
25
6
20
22
8
10
13
14
27
1
15
28
0
8
6
20
26
13
9
8
21
19
16
25
20
4
25
19
32
7
17
12
11
25
16
12
21
6
30
22
25
18
24
2
5
17
5
2
24
26
32
19
15
19
31
12
27
31
0
12
7
2
29
5
14
3
1
6
7
0
26
9
29
20
20
4
16
19
14
12
20
8
3
29
15
6
23
17
10
5
11
19
29
1
18
13
16
11
19
30
10
23
6
19
21
0
17
16
2
14
8
24
28
3
30
1
13
11
20
4
20
17
12
5
23
20
5
29
28
7
31
23
9
23
21
10
2
21
18
12
18
24
32
30
9
28
7
23
18
1
30
17
1
12
12
9
1
4
14
3
18
10
30
31
11
17
10
11
9
26
26
26
29
31
7
23
16
19
6
9
31
0
14
0
28
27
3
4
23
32
3
2
14
1
29
28
16
23
7
32
13
31
30
7
25
9
22
29
2
17
1
25
8
15
4
25
28
13
31
29
22
0
8
3
27
10
22
9
10
24
21
13
28
13
5
30
17
27
0
32
11
24
21
16
22
22
31
11
29
6
27
27
14
18
25
18
18
7
4
19
28
32
15
25
30
27
4
22
32
