1
16
7
16
5
11
13
8
11
13
15
12
10
15
11
0
13
1
9
0
0
9
4
11
16
15
15
11
10
0
0
4
3
0
7
4
15
7
7
4
6
0
2
0
1
1
7
1
0
7
2
0
11
6
0
6
6
5
8
7
1
4
5
3
15
15
5
6
2
1
14
11
8
7
6
5
0
5
5
9
9
16
1
14
1
3
3
3
3
2
2
3
2
6
3
2
2
2
3
4
6
6
6
5
3
6
12
5
6
8
9
6
8
4
10
4
10
5
16
14
7
13
15
9
16
14
12
12
9
14
15
8
12
12
9
3
3
0
1
5
6
1
10
10
16
16
14
12
15
14
16
14
8
11
2
9
10
5
10
12
11
7
11
8
12
16
12
15
11
13
9
0
3
2
3
16
7
8
10
4
14
13
14
16
16
8
8
13
9
8
5
14
12
15
4
16
10
14
14
9
12
10
11
8
15
13
7
15
12
1
1
12
1
15
13
13
13
10
13
13
10
9
16
7
4
8
10
9
11
14
11
4
7
4
14
8
10
13
5
13
5
11
2
2
4
2
9
12
