2
12
9
6
14
4
9
11
0
11
7
10
12
11
13
5
5
12
14
10
14
14
11
9
10
12
10
11
14
11
2
0
3
5
2
0
1
2
1
14
2
1
12
3
2
8
2
1
2
0
1
0
5
5
14
6
3
9
6
3
9
3
10
5
7
4
5
5
5
8
5
7
3
4
12
3
2
2
5
13
11
8
6
1
1
3
2
2
6
6
6
6
1
4
3
6
1
6
6
7
3
0
6
1
13
0
13
4
7
0
12
5
7
5
11
9
12
10
7
14
8
9
12
9
1
10
3
11
14
8
10
9
10
8
6
11
1
12
0
1
0
6
8
11
13
12
12
11
8
10
4
8
13
9
14
7
4
13
12
8
7
3
8
13
10
3
7
10
11
9
14
0
0
0
13
13
9
3
5
10
13
13
10
10
4
2
12
14
7
0
3
10
5
8
14
13
7
4
6
14
7
6
9
1
4
11
13
4
4
12
4
8
14
3
4
8
11
7
4
9
13
8
9
7
7
4
12
13
7
14
14
9
1
1
2
9
11
4
10
11
13
5
8
0
0
2
2
8
12
