5
20
13
11
11
15
1
17
12
11
2
20
8
24
28
0
12
9
0
20
32
14
14
31
1
15
19
9
8
33
18
9
17
2
2
35
11
31
11
15
11
3
3
6
6
29
23
4
34
12
9
36
31
3
18
11
36
24
24
8
16
21
34
1
9
31
34
25
30
26
16
2
29
27
20
21
18
22
10
24
16
33
30
13
7
16
4
32
14
10
30
13
5
18
13
35
35
15
23
29
26
17
17
36
12
22
4
33
24
7
25
18
12
26
27
22
22
29
3
16
21
19
7
13
19
35
10
28
19
27
13
25
22
11
4
28
15
22
12
12
13
31
16
27
0
25
9
21
34
26
17
22
23
0
34
26
7
9
17
33
29
35
5
28
15
9
27
33
15
1
28
4
34
8
5
23
33
16
30
26
6
15
7
13
0
17
19
16
2
22
8
36
1
3
0
28
33
28
25
5
36
29
2
27
16
34
23
10
5
30
20
26
1
26
18
7
6
32
2
7
36
30
35
3
35
10
7
14
32
4
33
4
0
6
34
12
28
3
4
28
30
1
19
31
21
25
1
2
32
5
0
13
18
11
20
17
25
4
17
34
27
25
23
35
8
24
20
5
36
1
6
21
32
14
19
23
20
24
14
27
21
31
29
21
8
18
24
31
20
21
36
32
32
36
5
23
6
6
10
25
3
19
30
8
23
19
26
10
3
8
18
32
29
29
14
15
31
27
14
9
2
10
