36
41
10
8
31
52
44
3
19
50
21
21
45
16
39
50
30
35
43
30
17
5
49
29
40
19
18
16
41
38
15
43
24
48
34
42
14
46
41
11
37
39
45
41
3
44
9
14
24
21
8
0
47
30
9
35
47
17
5
2
38
15
47
7
37
13
50
33
30
21
20
5
8
51
27
2
10
19
43
34
25
43
4
46
39
46
32
12
48
44
12
49
45
35
31
25
22
48
46
36
25
33
22
10
5
27
28
23
3
7
38
37
49
13
8
26
15
13
26
23
5
22
47
28
45
32
1
28
29
50
2
7
20
26
48
10
8
43
29
6
6
34
14
30
35
15
29
24
31
16
22
52
23
11
52
19
41
20
29
16
4
17
40
15
26
39
9
47
13
44
51
1
34
42
4
19
37
10
16
39
32
25
7
12
18
18
39
47
33
35
1
42
20
8
40
52
9
50
13
49
45
3
44
36
2
4
36
17
42
52
51
20
4
49
41
14
0
28
11
22
23
9
6
43
36
38
29
17
24
49
11
52
3
1
28
18
11
30
24
20
26
46
40
18
38
13
23
7
38
9
37
31
5
42
4
27
15
3
12
36
16
40
6
26
51
2
12
28
13
32
11
22
34
40
50
33
6
46
27
48
24
51
44
1
7
0
48
14
37
45
27
25
51
14
0
12
42
2
1
21
27
41
31
25
33
34
31
6
32
0
17
10
0
35
32
21
19
8
23
33
18
