23
18
22
1
31
4
34
15
30
28
16
3
34
33
24
11
10
26
29
4
6
6
20
25
12
0
32
13
10
6
11
9
27
1
27
8
24
26
16
21
4
8
27
20
7
30
26
1
31
22
2
17
15
9
21
20
17
0
32
31
1
13
33
12
26
14
28
20
26
3
7
32
2
29
14
7
21
9
14
0
3
33
32
11
4
23
2
22
27
11
29
8
18
16
18
12
26
30
10
10
5
14
14
2
31
15
20
11
19
21
4
19
4
11
4
31
20
10
25
30
2
21
5
9
11
11
17
19
25
25
0
3
30
2
29
18
30
22
7
3
33
15
7
31
29
5
23
33
15
23
9
28
0
15
26
10
28
34
23
19
18
34
1
28
21
9
25
21
33
25
28
16
16
0
32
25
8
13
5
23
17
5
1
9
12
14
2
32
32
33
22
27
1
19
10
3
3
34
13
19
6
14
20
21
20
30
30
23
27
22
13
7
27
28
24
20
17
20
26
15
18
24
34
23
5
0
1
32
13
12
1
8
18
31
10
17
9
26
0
18
11
27
17
27
8
2
14
18
33
6
22
19
15
14
2
28
23
34
0
29
19
16
6
13
28
29
21
7
11
2
30
23
0
24
29
29
12
16
22
16
5
13
6
21
25
13
3
32
7
8
24
6
5
33
24
3
8
4
31
5
6
34
19
12
24
24
17
22
8
4
34
12
12
15
10
27
7
16
25
31
9
17
