12
16
9
8
13
16
11
16
15
14
0
12
13
17
6
6
11
6
12
15
13
17
15
9
12
13
9
4
2
17
6
17
4
1
0
2
3
3
3
3
0
8
9
2
15
5
11
3
1
1
3
0
8
6
6
1
4
6
5
0
14
2
3
4
0
2
13
9
6
13
3
2
3
8
6
1
0
1
5
2
17
12
2
3
3
2
0
0
5
1
5
2
6
4
1
5
5
2
1
14
5
5
2
3
7
4
10
11
12
7
16
1
6
1
14
12
13
9
15
6
10
15
9
9
13
8
12
14
16
17
7
4
17
15
5
16
3
2
5
14
4
5
11
14
14
13
14
14
12
17
7
11
11
9
7
17
8
4
15
12
15
12
15
8
10
10
15
15
8
16
11
5
4
10
10
10
16
10
9
17
10
10
16
9
8
1
13
17
7
14
9
10
8
16
10
10
7
8
14
6
12
4
11
6
7
17
16
8
16
9
13
11
17
5
4
11
4
10
2
11
13
15
16
7
7
12
13
7
7
17
16
4
7
3
0
14
8
8
9
7
15
11
11
1
0
0
0
12
14
