3
12
3
8
4
4
6
2
1
2
2
7
8
0
0
4
2
8
3
13
15
2
4
1
6
5
4
0
3
6
0
3
12
12
5
5
5
6
15
0
2
11
13
2
6
2
6
6
14
1
2
4
12
8
1
8
13
10
7
4
9
12
5
0
3
0
3
7
1
4
5
7
1
8
3
6
14
4
0
2
15
2
15
6
4
1
12
13
1
13
8
1
14
12
8
4
3
13
12
7
7
0
1
3
1
7
12
5
7
13
4
4
4
1
10
11
6
0
0
15
1
13
3
5
3
7
3
3
6
13
7
7
0
13
12
13
12
6
7
2
14
8
0
12
14
1
4
12
8
12
0
13
2
3
7
4
1
2
12
0
0
9
2
14
8
6
7
10
5
2
13
6
14
9
14
11
14
5
7
8
11
14
8
14
9
13
15
8
9
1
9
5
14
13
8
10
10
9
14
5
10
14
9
15
5
6
11
9
9
14
11
11
9
10
11
10
10
9
9
11
10
10
11
15
9
5
5
11
9
6
15
10
10
15
15
9
11
5
11
15
10
10
15
11
11
15
15
15
