0
26
31
14
20
2
6
13
24
33
29
34
17
4
25
0
9
23
13
19
24
16
10
25
2
28
27
14
12
12
20
33
32
6
23
2
19
25
34
2
21
6
15
17
11
33
1
14
11
17
14
6
14
3
25
23
11
21
4
7
10
11
30
20
34
34
27
2
6
27
5
10
3
10
15
1
23
7
16
11
30
0
13
21
5
27
33
23
31
22
28
2
12
9
28
24
25
3
1
1
32
32
13
14
27
25
20
28
13
29
24
32
21
5
13
8
15
26
21
18
20
9
30
29
8
17
9
7
27
1
17
16
28
29
3
4
12
8
32
16
12
22
18
15
18
18
26
33
34
26
31
8
5
5
4
1
22
23
34
20
8
5
2
27
18
23
12
12
21
9
28
29
26
15
19
23
5
34
8
31
3
15
21
11
8
4
14
16
18
16
6
5
13
30
17
9
7
33
18
28
25
21
0
7
27
32
4
5
0
30
26
14
4
12
31
25
9
23
14
20
22
1
30
19
8
28
26
7
21
10
1
33
6
4
22
29
33
34
32
11
20
34
3
30
10
17
16
4
19
29
7
24
1
2
30
2
32
22
24
27
3
17
26
10
11
23
18
8
28
31
6
29
3
33
16
9
29
16
19
0
0
18
26
0
30
7
31
32
9
27
19
20
6
0
24
26
7
13
10
16
24
29
22
3
15
15
21
10
11
19
13
17
24
19
12
31
10
15
22
31
22
25
