7
6
2
1
10
10
2
2
5
1
10
4
7
6
6
3
8
0
6
0
9
4
9
0
10
5
6
10
7
6
6
0
4
0
4
6
6
1
0
0
2
2
3
7
1
1
2
1
3
1
3
0
4
5
6
1
5
5
3
5
3
7
4
7
4
2
7
2
7
1
9
9
0
4
3
4
2
9
4
5
0
5
0
7
4
7
7
6
6
7
3
1
6
0
0
9
4
2
2
6
3
7
1
5
4
2
2
2
2
5
4
2
6
4
9
6
3
0
3
2
4
10
9
5
0
7
5
12
1
11
3
3
7
0
0
7
4
5
6
8
0
8
8
4
9
3
5
0
10
3
8
1
9
1
8
2
10
6
2
9
4
12
6
10
10
5
1
7
8
9
11
8
8
9
10
9
12
7
10
8
10
1
5
8
11
9
5
11
5
11
1
11
12
7
8
8
12
12
8
8
8
12
12
12
12
11
12
3
12
10
3
10
11
10
1
3
12
9
3
11
12
11
11
10
8
11
10
9
9
8
11
11
8
1
9
1
11
5
11
10
11
12
12
11
5
11
12
12
12
