9
15
9
3
11
3
3
11
6
11
9
4
4
8
13
4
7
12
11
3
8
3
11
13
14
10
15
10
7
4
1
5
5
10
6
5
5
5
7
13
4
1
12
3
5
9
2
0
7
6
5
1
10
0
1
8
15
1
8
2
11
3
4
8
12
2
10
7
0
9
0
0
10
2
1
9
4
7
6
0
8
12
2
5
5
1
6
6
7
7
1
7
1
0
10
7
1
7
10
12
4
6
4
5
5
5
14
13
12
2
9
6
3
6
10
0
11
14
12
14
13
9
9
15
10
2
12
10
14
8
15
12
1
8
7
8
0
4
5
4
5
7
9
11
10
14
15
11
9
15
2
13
13
13
3
14
3
11
6
12
9
15
11
14
2
14
14
12
11
10
13
6
0
6
2
14
3
2
15
11
14
13
8
12
0
6
0
11
12
10
7
15
3
15
4
15
14
3
8
1
12
3
13
0
2
1
14
3
11
15
8
8
11
5
2
1
8
12
2
15
9
14
13
3
9
12
9
8
9
15
13
13
7
0
4
13
0
2
15
8
14
13
4
6
1
4
6
10
10
