7
12
3
2
3
6
2
12
4
5
10
13
14
4
4
6
1
3
6
1
3
14
5
4
12
3
3
1
11
12
0
0
3
6
10
12
13
4
0
1
4
7
4
1
7
0
13
5
15
1
4
7
0
0
3
6
5
3
5
0
1
3
2
12
5
7
0
13
4
6
2
6
7
13
6
5
1
12
10
4
12
0
4
5
13
8
0
3
3
2
3
10
6
9
5
15
14
6
13
11
12
0
1
3
10
5
1
4
4
13
5
13
1
9
12
12
4
2
5
14
0
14
7
14
15
6
1
13
6
2
4
2
12
2
15
12
10
5
6
2
12
0
0
6
7
5
2
13
11
15
7
1
14
14
14
4
3
15
15
2
3
9
2
10
2
8
13
12
8
15
11
15
14
9
7
15
1
6
7
7
9
7
2
9
10
9
5
14
9
8
11
1
5
8
6
10
13
8
13
7
1
8
11
8
14
9
10
11
11
9
9
9
8
11
10
14
14
9
9
12
11
15
0
8
13
11
15
11
8
15
11
15
8
9
8
8
11
10
2
10
14
15
0
10
10
8
11
13
7
